,150,151,152,153,154,155,156
150,0.0,0.8854785392874008,0.885703879151634,0.8867801095773912,0.8731994563335157,0.9671814063884228,0.9614188203876362
151,0.8854785392874008,0.0,0.013920419643119786,0.009284975285272785,0.20828920950951937,0.9980659683438228,0.9839169684443207
152,0.885703879151634,0.013920419643119786,0.0,0.013920419643119786,0.206205336164673,0.9975913369447275,0.9860335684135786
153,0.8867801095773912,0.009284975285272785,0.013920419643119786,0.0,0.21225673477738594,1.0,0.9845639159252518
154,0.8731994563335157,0.20828920950951937,0.206205336164673,0.21225673477738594,2.979125669405782e-16,0.9797973665352061,0.9830382426118642
155,0.9671814063884228,0.9980659683438228,0.9975913369447275,1.0,0.9797973665352061,0.0,0.8693999941981614
156,0.9614188203876362,0.9839169684443207,0.9860335684135786,0.9845639159252518,0.9830382426118642,0.8693999941981614,0.0
