,150,151,152,153,154,155,156
150,0.0,0.7555327799135846,0.7536626492702342,0.7592730412002855,0.7387016041234306,1.0,0.9671755920413276
151,0.7555327799135846,0.0,0.005619928006986329,0.0037466186713243418,0.10115870412575356,0.9422745958380369,0.9107536233116728
152,0.7536626492702342,0.005619928006986329,0.0,0.005619928006986329,0.0992853947900912,0.9422745958380369,0.9088834926683224
153,0.7592730412002855,0.0037466186713243418,0.005619928006986329,0.0,0.10115870412575356,0.9404012865023749,0.9107536233116728
154,0.7387016041234306,0.10115870412575356,0.0992853947900912,0.10115870412575356,0.0,0.9462861055353313,0.9036099565684395
155,1.0,0.9422745958380369,0.9422745958380369,0.9404012865023749,0.9462861055353313,0.0,0.6620305028783564
156,0.9671755920413276,0.9107536233116728,0.9088834926683224,0.9107536233116728,0.9036099565684395,0.6620305028783564,0.0
