,182,183,184,185,186,187,188
182,0.0,0.7253186101540121,0.668048067623816,0.7208638336539037,0.7070945244717506,0.9516278682726914,0.9378472964726622
183,0.7253186101540121,0.0,0.28477895885853877,0.27585426214217434,0.09127530732645459,0.8765785213167837,0.913543402750736
184,0.668048067623816,0.28477895885853877,0.0,0.2937036555749033,0.23731579904878228,0.960760573342487,1.0
185,0.7208638336539037,0.27585426214217434,0.2937036555749033,0.2482688359279569,0.22798543429985588,0.9250239013302435,0.9517022522958842
186,0.7070945244717506,0.09127530732645459,0.23731579904878228,0.22798543429985588,0.0,0.880223338453236,0.9218806039971933
187,0.9516278682726914,0.8765785213167837,0.960760573342487,0.9250239013302435,0.880223338453236,0.0,0.6304745801630292
188,0.9378472964726622,0.913543402750736,1.0,0.9517022522958842,0.9218806039971933,0.6304745801630292,0.0
