serotype,,H7,H7,H7,H7,H7,H10,H10,H10,H10,H10,error,error,error,error,error,error,error,error,error,error,error,error,error,error,error,error,error,error,error,error,error,error,error,error,error,error,error,error,error,error,error,error,error,error,error,error,error,error,error,error,error,error,error,error,error,error,error,error,error,error,error
accession,,>AB438941,>MT090474,>CY031028,>KF259008,>KX978740,>MN938054,>KP285517,>CY089557,>CY186863,>MH502527,>MK327718,>MK327694,>MK327702,>MK326656,>MK327734,>MK327726,>MK327686,>MK327758,>KY644423,>KJ195668,>KY644472,>KX960412,>KX960458,>KY644351,>KX960451,>KY644236,>KY644232,>KY673155,>KY644258,>MN431050,>KX024583,>KY635719,>KY635680,>KX602668,>CY133553,>JN696316,>MF145850,>MF147992,>MF146641,>MF147328,>MF145790,>MF145787,>CY130094,>AB289335,>CY133266,>CY146897,>MK928228,>CY167267,>CY133381,>MG280044,>CY130102,>MK071380,>MK071396,>CY006033,>CY098540,>CY185887,>CY006034,>CY006010,>MH498655,>MH498733,>MH498637
serotype,accession,,,,,,,,,,,,,,,,,,,,,,,,,,,,,,,,,,,,,,,,,,,,,,,,,,,,,,,,,,,,,
H7,>AB438941,0.0,0.08515283842794763,0.0393013100436681,0.07205240174672489,0.07423580786026196,0.3509825327510917,0.35371179039301315,0.35371179039301315,0.3542576419213974,0.3564410480349345,0.46288209606986896,0.46342794759825323,0.46288209606986896,0.46288209606986896,0.46288209606986896,0.46288209606986896,0.46288209606986896,0.4623362445414847,0.4645196506550219,0.4661572052401747,0.4661572052401747,0.4661572052401747,0.46670305676855894,0.46670305676855894,0.46670305676855894,0.46670305676855894,0.46179039301310043,0.4661572052401747,0.46179039301310043,0.45960698689956336,0.4656113537117904,0.2860262008733624,0.28329694323144106,0.4606986899563319,0.46179039301310043,0.46670305676855894,0.29530567685589515,0.2958515283842795,0.2958515283842795,0.2958515283842795,0.2958515283842795,0.2958515283842795,0.4656113537117904,0.4623362445414847,0.46124454148471616,0.46124454148471616,0.46670305676855894,0.46015283842794763,0.46124454148471616,0.46670305676855894,0.27292576419213976,0.35152838427947597,0.35371179039301315,0.28657205240174677,0.28329694323144106,0.27292576419213976,0.28711790393013104,0.28657205240174677,0.35043668122270744,0.35043668122270744,0.35043668122270744
H7,>MT090474,0.08515283842794763,0.0,0.0753275109170306,0.10316593886462877,0.07259825327510916,0.347707423580786,0.3635371179039302,0.3548034934497817,0.34879912663755464,0.3509825327510917,0.4645196506550219,0.46506550218340614,0.4645196506550219,0.4645196506550219,0.4645196506550219,0.4645196506550219,0.4645196506550219,0.4639737991266376,0.46342794759825323,0.46506550218340614,0.4656113537117904,0.46670305676855894,0.4672489082969432,0.4672489082969432,0.4672489082969432,0.4661572052401747,0.4639737991266376,0.4656113537117904,0.4639737991266376,0.4623362445414847,0.459061135371179,0.27838427947598254,0.2843886462882096,0.4694323144104804,0.46179039301310043,0.46670305676855894,0.2914847161572053,0.290938864628821,0.290938864628821,0.290938864628821,0.29203056768558955,0.29203056768558955,0.4645196506550219,0.4688864628820961,0.46124454148471616,0.46015283842794763,0.4585152838427947,0.459061135371179,0.459061135371179,0.4606986899563319,0.2723799126637555,0.35698689956331875,0.3580786026200873,0.2860262008733624,0.28875545851528384,0.2723799126637555,0.28657205240174677,0.2860262008733624,0.35698689956331875,0.35698689956331875,0.3580786026200873
H7,>CY031028,0.0393013100436681,0.0753275109170306,0.0,0.07041484716157209,0.0633187772925764,0.34497816593886466,0.35371179039301315,0.34661572052401746,0.34825327510917026,0.3509825327510917,0.4606986899563319,0.46124454148471616,0.4606986899563319,0.4606986899563319,0.4606986899563319,0.4606986899563319,0.4606986899563319,0.46015283842794763,0.46288209606986896,0.4645196506550219,0.4656113537117904,0.4656113537117904,0.4661572052401747,0.4661572052401747,0.4661572052401747,0.4661572052401747,0.46124454148471616,0.4656113537117904,0.46124454148471616,0.4585152838427947,0.46015283842794763,0.2893013100436681,0.28875545851528384,0.459061135371179,0.46015283842794763,0.46506550218340614,0.29748908296943233,0.2980349344978166,0.2980349344978166,0.2980349344978166,0.2980349344978166,0.2980349344978166,0.4639737991266376,0.46179039301310043,0.45960698689956336,0.45960698689956336,0.46015283842794763,0.4585152838427947,0.4574235807860262,0.46124454148471616,0.2794759825327511,0.34989082969432317,0.3509825327510917,0.2931222707423581,0.28984716157205237,0.2794759825327511,0.29366812227074235,0.2931222707423581,0.34879912663755464,0.34879912663755464,0.34879912663755464
H7,>KF259008,0.07205240174672489,0.10316593886462877,0.07041484716157209,0.0,0.10698689956331875,0.32969432314410485,0.3395196506550219,0.33788209606986896,0.33624454148471616,0.3373362445414847,0.4585152838427947,0.459061135371179,0.4585152838427947,0.4585152838427947,0.4585152838427947,0.4585152838427947,0.4585152838427947,0.45796943231441045,0.45960698689956336,0.46124454148471616,0.4623362445414847,0.46124454148471616,0.46179039301310043,0.46179039301310043,0.46179039301310043,0.46288209606986896,0.459061135371179,0.4623362445414847,0.459061135371179,0.4536026200873362,0.4557860262008734,0.28820960698689957,0.28165938864628826,0.4470524017467249,0.4574235807860262,0.46342794759825323,0.29858078602620086,0.29912663755458513,0.29912663755458513,0.29912663755458513,0.29912663755458513,0.29912663755458513,0.4574235807860262,0.4541484716157205,0.4568777292576419,0.4552401746724891,0.46015283842794763,0.4541484716157205,0.4536026200873362,0.4568777292576419,0.2811135371179039,0.34334061135371174,0.3455240174672489,0.2947598253275109,0.27838427947598254,0.2811135371179039,0.29530567685589515,0.2947598253275109,0.3438864628820961,0.3438864628820961,0.3438864628820961
H7,>KX978740,0.07423580786026196,0.07259825327510916,0.0633187772925764,0.10698689956331875,0.0,0.36189956331877726,0.37609170305676853,0.37390829694323147,0.36408296943231444,0.3662663755458515,0.46288209606986896,0.46342794759825323,0.46288209606986896,0.46288209606986896,0.46288209606986896,0.46288209606986896,0.46288209606986896,0.4623362445414847,0.4639737991266376,0.4656113537117904,0.4656113537117904,0.4656113537117904,0.4661572052401747,0.4661572052401747,0.4661572052401747,0.4661572052401747,0.4623362445414847,0.4645196506550219,0.4623362445414847,0.47816593886462877,0.47325327510917026,0.28820960698689957,0.2942139737991266,0.4792576419213974,0.47543668122270744,0.46670305676855894,0.2723799126637555,0.27292576419213976,0.27292576419213976,0.27292576419213976,0.27292576419213976,0.27292576419213976,0.47707423580786024,0.48198689956331875,0.47489082969432317,0.4721615720524017,0.459061135371179,0.47325327510917026,0.4721615720524017,0.47489082969432317,0.2811135371179039,0.36244541484716153,0.3646288209606987,0.267467248908297,0.29912663755458513,0.2811135371179039,0.26801310043668125,0.267467248908297,0.365174672489083,0.365174672489083,0.365174672489083
H10,>MN938054,0.3509825327510917,0.347707423580786,0.34497816593886466,0.32969432314410485,0.36189956331877726,0.0,0.18231441048034935,0.08842794759825323,0.03056768558951961,0.03438864628820959,0.46124454148471616,0.46124454148471616,0.46124454148471616,0.46124454148471616,0.46124454148471616,0.46124454148471616,0.46124454148471616,0.4606986899563319,0.45796943231441045,0.45960698689956336,0.459061135371179,0.45796943231441045,0.4574235807860262,0.4585152838427947,0.45796943231441045,0.4585152838427947,0.46124454148471616,0.459061135371179,0.46124454148471616,0.4656113537117904,0.4552401746724891,0.36244541484716153,0.3646288209606987,0.45469432314410485,0.4574235807860262,0.4623362445414847,0.37718340611353707,0.37772925764192145,0.37772925764192145,0.37772925764192145,0.3766375545851528,0.3766375545851528,0.4557860262008734,0.45960698689956336,0.4574235807860262,0.4552401746724891,0.4623362445414847,0.45305676855895194,0.4552401746724891,0.45960698689956336,0.3717248908296943,0.1713973799126638,0.17412663755458513,0.3853711790393013,0.3597161572052402,0.3717248908296943,0.38591703056768556,0.3853711790393013,0.18286026200873362,0.18286026200873362,0.18286026200873362
H10,>KP285517,0.35371179039301315,0.3635371179039302,0.35371179039301315,0.3395196506550219,0.37609170305676853,0.18231441048034935,0.0,0.17412663755458513,0.18395196506550215,0.1834061135371179,0.4710698689956332,0.4710698689956332,0.4710698689956332,0.4710698689956332,0.4710698689956332,0.4710698689956332,0.4710698689956332,0.4705240174672489,0.47161572052401746,0.4710698689956332,0.4705240174672489,0.4710698689956332,0.4705240174672489,0.47161572052401746,0.4710698689956332,0.4694323144104804,0.4721615720524017,0.4710698689956332,0.4721615720524017,0.4568777292576419,0.4623362445414847,0.37936681222707425,0.37281659388646293,0.4552401746724891,0.46288209606986896,0.4710698689956332,0.3941048034934498,0.39465065502183405,0.39465065502183405,0.39465065502183405,0.3935589519650655,0.3935589519650655,0.4606986899563319,0.4568777292576419,0.4623362445414847,0.46506550218340614,0.4721615720524017,0.46288209606986896,0.4623362445414847,0.46124454148471616,0.3837336244541485,0.1986899563318777,0.2003275109170306,0.3973799126637555,0.36735807860262004,0.3837336244541485,0.39792576419213976,0.3973799126637555,0.19650655021834063,0.19650655021834063,0.19650655021834063
H10,>CY089557,0.35371179039301315,0.3548034934497817,0.34661572052401746,0.33788209606986896,0.37390829694323147,0.08842794759825323,0.17412663755458513,0.0,0.0753275109170306,0.07969432314410485,0.459061135371179,0.459061135371179,0.459061135371179,0.459061135371179,0.459061135371179,0.459061135371179,0.459061135371179,0.4585152838427947,0.459061135371179,0.46015283842794763,0.46015283842794763,0.4606986899563319,0.46015283842794763,0.46124454148471616,0.4606986899563319,0.4606986899563319,0.46124454148471616,0.46015283842794763,0.46124454148471616,0.45141921397379914,0.45305676855895194,0.36735807860262004,0.3629912663755459,0.44759825327510916,0.45141921397379914,0.45960698689956336,0.3831877729257642,0.3837336244541485,0.3837336244541485,0.3837336244541485,0.38264192139737996,0.38264192139737996,0.4486899563318777,0.44596069868995636,0.45141921397379914,0.45305676855895194,0.46124454148471616,0.4503275109170306,0.44759825327510916,0.45305676855895194,0.3804585152838428,0.1593886462882096,0.15884279475982532,0.3941048034934498,0.357532751091703,0.3804585152838428,0.39465065502183405,0.3941048034934498,0.16593886462882101,0.16593886462882101,0.16703056768558955
H10,>CY186863,0.3542576419213974,0.34879912663755464,0.34825327510917026,0.33624454148471616,0.36408296943231444,0.03056768558951961,0.18395196506550215,0.0753275109170306,0.0,0.015829694323144072,0.46342794759825323,0.46342794759825323,0.46342794759825323,0.46342794759825323,0.46342794759825323,0.46342794759825323,0.46342794759825323,0.46288209606986896,0.4623362445414847,0.46506550218340614,0.4623362445414847,0.46288209606986896,0.4623362445414847,0.46342794759825323,0.46288209606986896,0.46288209606986896,0.4645196506550219,0.4623362445414847,0.4645196506550219,0.4688864628820961,0.45960698689956336,0.361353711790393,0.3635371179039302,0.4585152838427947,0.46015283842794763,0.46506550218340614,0.37609170305676853,0.3766375545851528,0.3766375545851528,0.3766375545851528,0.37554585152838427,0.37554585152838427,0.4574235807860262,0.46124454148471616,0.46015283842794763,0.45960698689956336,0.46670305676855894,0.4574235807860262,0.4585152838427947,0.46288209606986896,0.37117903930131,0.16703056768558955,0.16975982532751088,0.384825327510917,0.357532751091703,0.37117903930131,0.3853711790393013,0.384825327510917,0.18067685589519655,0.18067685589519655,0.1817685589519651
H10,>MH502527,0.3564410480349345,0.3509825327510917,0.3509825327510917,0.3373362445414847,0.3662663755458515,0.03438864628820959,0.1834061135371179,0.07969432314410485,0.015829694323144072,0.0,0.4661572052401747,0.4661572052401747,0.4661572052401747,0.4661572052401747,0.4661572052401747,0.4661572052401747,0.4661572052401747,0.4656113537117904,0.4639737991266376,0.46670305676855894,0.46506550218340614,0.4656113537117904,0.46506550218340614,0.4661572052401747,0.4656113537117904,0.4656113537117904,0.4672489082969432,0.46506550218340614,0.4672489082969432,0.46834061135371174,0.46015283842794763,0.36244541484716153,0.3646288209606987,0.46015283842794763,0.46179039301310043,0.46670305676855894,0.37718340611353707,0.37772925764192145,0.37772925764192145,0.37772925764192145,0.3766375545851528,0.3766375545851528,0.4585152838427947,0.4623362445414847,0.46179039301310043,0.46124454148471616,0.4672489082969432,0.459061135371179,0.46015283842794763,0.4623362445414847,0.37063318777292575,0.1713973799126638,0.17412663755458513,0.38427947598253276,0.35862445414847166,0.37063318777292575,0.384825327510917,0.38427947598253276,0.18286026200873362,0.18286026200873362,0.18395196506550215
error,>MK327718,0.46288209606986896,0.4645196506550219,0.4606986899563319,0.4585152838427947,0.46288209606986896,0.46124454148471616,0.4710698689956332,0.459061135371179,0.46342794759825323,0.4661572052401747,0.0,0.0005458515283842669,0.0,0.0,0.0,0.0,0.0,0.0005458515283842669,0.017467248908296984,0.02019650655021832,0.019104803493449785,0.020742358078602585,0.021288209606986852,0.02183406113537123,0.02019650655021832,0.02183406113537123,0.0065502183406113135,0.02019650655021832,0.0065502183406113135,0.07914847161572047,0.055131004366812175,0.4841703056768559,0.4879912663755459,0.10480349344978168,0.05294759825327511,0.0393013100436681,0.4808951965065502,0.4814410480349345,0.4814410480349345,0.4814410480349345,0.4814410480349345,0.4814410480349345,0.125,0.13045851528384278,0.053493449781659375,0.03493449781659386,0.04475982532751088,0.03438864628820959,0.04694323144104806,0.06222707423580787,0.48744541484716153,0.4656113537117904,0.46670305676855894,0.48689956331877726,0.4847161572052402,0.48744541484716153,0.48689956331877726,0.48689956331877726,0.4710698689956332,0.4710698689956332,0.4705240174672489
error,>MK327694,0.46342794759825323,0.46506550218340614,0.46124454148471616,0.459061135371179,0.46342794759825323,0.46124454148471616,0.4710698689956332,0.459061135371179,0.46342794759825323,0.4661572052401747,0.0005458515283842669,0.0,0.0005458515283842669,0.0005458515283842669,0.0005458515283842669,0.0005458515283842669,0.0005458515283842669,0.0010917030567685337,0.01801310043668125,0.020742358078602585,0.01965065502183405,0.021288209606986852,0.02183406113537123,0.022379912663755497,0.020742358078602585,0.021288209606986852,0.00709606986899558,0.020742358078602585,0.00709606986899558,0.07969432314410485,0.05567685589519655,0.48362445414847166,0.48744541484716153,0.10534934497816595,0.053493449781659375,0.03984716157205237,0.48034934497816595,0.4808951965065502,0.4808951965065502,0.4808951965065502,0.4808951965065502,0.4808951965065502,0.12554585152838427,0.13100436681222705,0.05403930131004364,0.035480349344978124,0.04530567685589515,0.03493449781659386,0.04748908296943233,0.06277292576419213,0.48689956331877726,0.4656113537117904,0.46670305676855894,0.486353711790393,0.4841703056768559,0.48689956331877726,0.486353711790393,0.486353711790393,0.4710698689956332,0.4710698689956332,0.4705240174672489
error,>MK327702,0.46288209606986896,0.4645196506550219,0.4606986899563319,0.4585152838427947,0.46288209606986896,0.46124454148471616,0.4710698689956332,0.459061135371179,0.46342794759825323,0.4661572052401747,0.0,0.0005458515283842669,0.0,0.0,0.0,0.0,0.0,0.0005458515283842669,0.017467248908296984,0.02019650655021832,0.019104803493449785,0.020742358078602585,0.021288209606986852,0.02183406113537123,0.02019650655021832,0.02183406113537123,0.0065502183406113135,0.02019650655021832,0.0065502183406113135,0.07914847161572047,0.055131004366812175,0.4841703056768559,0.4879912663755459,0.10480349344978168,0.05294759825327511,0.0393013100436681,0.4808951965065502,0.4814410480349345,0.4814410480349345,0.4814410480349345,0.4814410480349345,0.4814410480349345,0.125,0.13045851528384278,0.053493449781659375,0.03493449781659386,0.04475982532751088,0.03438864628820959,0.04694323144104806,0.06222707423580787,0.48744541484716153,0.4656113537117904,0.46670305676855894,0.48689956331877726,0.4847161572052402,0.48744541484716153,0.48689956331877726,0.48689956331877726,0.4710698689956332,0.4710698689956332,0.4705240174672489
error,>MK326656,0.46288209606986896,0.4645196506550219,0.4606986899563319,0.4585152838427947,0.46288209606986896,0.46124454148471616,0.4710698689956332,0.459061135371179,0.46342794759825323,0.4661572052401747,0.0,0.0005458515283842669,0.0,0.0,0.0,0.0,0.0,0.0005458515283842669,0.017467248908296984,0.02019650655021832,0.019104803493449785,0.020742358078602585,0.021288209606986852,0.02183406113537123,0.02019650655021832,0.02183406113537123,0.0065502183406113135,0.02019650655021832,0.0065502183406113135,0.07914847161572047,0.055131004366812175,0.4841703056768559,0.4879912663755459,0.10480349344978168,0.05294759825327511,0.0393013100436681,0.4808951965065502,0.4814410480349345,0.4814410480349345,0.4814410480349345,0.4814410480349345,0.4814410480349345,0.125,0.13045851528384278,0.053493449781659375,0.03493449781659386,0.04475982532751088,0.03438864628820959,0.04694323144104806,0.06222707423580787,0.48744541484716153,0.4656113537117904,0.46670305676855894,0.48689956331877726,0.4847161572052402,0.48744541484716153,0.48689956331877726,0.48689956331877726,0.4710698689956332,0.4710698689956332,0.4705240174672489
error,>MK327734,0.46288209606986896,0.4645196506550219,0.4606986899563319,0.4585152838427947,0.46288209606986896,0.46124454148471616,0.4710698689956332,0.459061135371179,0.46342794759825323,0.4661572052401747,0.0,0.0005458515283842669,0.0,0.0,0.0,0.0,0.0,0.0005458515283842669,0.017467248908296984,0.02019650655021832,0.019104803493449785,0.020742358078602585,0.021288209606986852,0.02183406113537123,0.02019650655021832,0.02183406113537123,0.0065502183406113135,0.02019650655021832,0.0065502183406113135,0.07914847161572047,0.055131004366812175,0.4841703056768559,0.4879912663755459,0.10480349344978168,0.05294759825327511,0.0393013100436681,0.4808951965065502,0.4814410480349345,0.4814410480349345,0.4814410480349345,0.4814410480349345,0.4814410480349345,0.125,0.13045851528384278,0.053493449781659375,0.03493449781659386,0.04475982532751088,0.03438864628820959,0.04694323144104806,0.06222707423580787,0.48744541484716153,0.4656113537117904,0.46670305676855894,0.48689956331877726,0.4847161572052402,0.48744541484716153,0.48689956331877726,0.48689956331877726,0.4710698689956332,0.4710698689956332,0.4705240174672489
error,>MK327726,0.46288209606986896,0.4645196506550219,0.4606986899563319,0.4585152838427947,0.46288209606986896,0.46124454148471616,0.4710698689956332,0.459061135371179,0.46342794759825323,0.4661572052401747,0.0,0.0005458515283842669,0.0,0.0,0.0,0.0,0.0,0.0005458515283842669,0.017467248908296984,0.02019650655021832,0.019104803493449785,0.020742358078602585,0.021288209606986852,0.02183406113537123,0.02019650655021832,0.02183406113537123,0.0065502183406113135,0.02019650655021832,0.0065502183406113135,0.07914847161572047,0.055131004366812175,0.4841703056768559,0.4879912663755459,0.10480349344978168,0.05294759825327511,0.0393013100436681,0.4808951965065502,0.4814410480349345,0.4814410480349345,0.4814410480349345,0.4814410480349345,0.4814410480349345,0.125,0.13045851528384278,0.053493449781659375,0.03493449781659386,0.04475982532751088,0.03438864628820959,0.04694323144104806,0.06222707423580787,0.48744541484716153,0.4656113537117904,0.46670305676855894,0.48689956331877726,0.4847161572052402,0.48744541484716153,0.48689956331877726,0.48689956331877726,0.4710698689956332,0.4710698689956332,0.4705240174672489
error,>MK327686,0.46288209606986896,0.4645196506550219,0.4606986899563319,0.4585152838427947,0.46288209606986896,0.46124454148471616,0.4710698689956332,0.459061135371179,0.46342794759825323,0.4661572052401747,0.0,0.0005458515283842669,0.0,0.0,0.0,0.0,0.0,0.0005458515283842669,0.017467248908296984,0.02019650655021832,0.019104803493449785,0.020742358078602585,0.021288209606986852,0.02183406113537123,0.02019650655021832,0.02183406113537123,0.0065502183406113135,0.02019650655021832,0.0065502183406113135,0.07914847161572047,0.055131004366812175,0.4841703056768559,0.4879912663755459,0.10480349344978168,0.05294759825327511,0.0393013100436681,0.4808951965065502,0.4814410480349345,0.4814410480349345,0.4814410480349345,0.4814410480349345,0.4814410480349345,0.125,0.13045851528384278,0.053493449781659375,0.03493449781659386,0.04475982532751088,0.03438864628820959,0.04694323144104806,0.06222707423580787,0.48744541484716153,0.4656113537117904,0.46670305676855894,0.48689956331877726,0.4847161572052402,0.48744541484716153,0.48689956331877726,0.48689956331877726,0.4710698689956332,0.4710698689956332,0.4705240174672489
error,>MK327758,0.4623362445414847,0.4639737991266376,0.46015283842794763,0.45796943231441045,0.4623362445414847,0.4606986899563319,0.4705240174672489,0.4585152838427947,0.46288209606986896,0.4656113537117904,0.0005458515283842669,0.0010917030567685337,0.0005458515283842669,0.0005458515283842669,0.0005458515283842669,0.0005458515283842669,0.0005458515283842669,0.0,0.01801310043668125,0.020742358078602585,0.01965065502183405,0.021288209606986852,0.02183406113537123,0.022379912663755497,0.020742358078602585,0.022379912663755497,0.00709606986899558,0.020742358078602585,0.00709606986899558,0.07969432314410485,0.05567685589519655,0.4847161572052402,0.4885371179039302,0.10534934497816595,0.053493449781659375,0.03984716157205237,0.4814410480349345,0.48198689956331875,0.48198689956331875,0.48198689956331875,0.48198689956331875,0.48198689956331875,0.12554585152838427,0.13100436681222705,0.05403930131004364,0.035480349344978124,0.04530567685589515,0.03493449781659386,0.04748908296943233,0.06277292576419213,0.48689956331877726,0.46506550218340614,0.4661572052401747,0.486353711790393,0.48526200873362446,0.48689956331877726,0.486353711790393,0.486353711790393,0.4705240174672489,0.4705240174672489,0.46997816593886466
error,>KY644423,0.4645196506550219,0.46342794759825323,0.46288209606986896,0.45960698689956336,0.4639737991266376,0.45796943231441045,0.47161572052401746,0.459061135371179,0.4623362445414847,0.4639737991266376,0.017467248908296984,0.01801310043668125,0.017467248908296984,0.017467248908296984,0.017467248908296984,0.017467248908296984,0.017467248908296984,0.01801310043668125,0.0,0.0065502183406113135,0.012008733624454093,0.013646288209607005,0.014192139737991272,0.014737991266375539,0.014192139737991272,0.014737991266375539,0.012554585152838471,0.013100436681222738,0.012554585152838471,0.06768558951965065,0.04312227074235808,0.4841703056768559,0.4879912663755459,0.09552401746724892,0.04039301310043664,0.02729257641921401,0.4808951965065502,0.4814410480349345,0.4814410480349345,0.4814410480349345,0.4814410480349345,0.4814410480349345,0.11626637554585151,0.12172489082969429,0.040938864628821015,0.020742358078602585,0.035480349344978124,0.01965065502183405,0.03438864628820959,0.05131004366812231,0.48580786026200873,0.46506550218340614,0.4661572052401747,0.48526200873362446,0.4847161572052402,0.48580786026200873,0.48526200873362446,0.48526200873362446,0.4688864628820961,0.4688864628820961,0.46834061135371174
error,>KJ195668,0.4661572052401747,0.46506550218340614,0.4645196506550219,0.46124454148471616,0.4656113537117904,0.45960698689956336,0.4710698689956332,0.46015283842794763,0.46506550218340614,0.46670305676855894,0.02019650655021832,0.020742358078602585,0.02019650655021832,0.02019650655021832,0.02019650655021832,0.02019650655021832,0.02019650655021832,0.020742358078602585,0.0065502183406113135,0.0,0.015283842794759805,0.016921397379912717,0.017467248908296984,0.01801310043668125,0.01637554585152834,0.01801310043668125,0.015829694323144072,0.01637554585152834,0.015829694323144072,0.07041484716157209,0.04585152838427953,0.48689956331877726,0.49072052401746724,0.09770742358078599,0.04366812227074235,0.030021834061135344,0.48362445414847166,0.4841703056768559,0.4841703056768559,0.4841703056768559,0.4841703056768559,0.4841703056768559,0.11844978165938869,0.12390829694323147,0.044213973799126616,0.02347161572052403,0.0376637554585153,0.02347161572052403,0.0376637554585153,0.05403930131004364,0.48744541484716153,0.46834061135371174,0.4694323144104804,0.48689956331877726,0.486353711790393,0.48744541484716153,0.48689956331877726,0.48689956331877726,0.4721615720524017,0.4721615720524017,0.47161572052401746
error,>KY644472,0.4661572052401747,0.4656113537117904,0.4656113537117904,0.4623362445414847,0.4656113537117904,0.459061135371179,0.4705240174672489,0.46015283842794763,0.4623362445414847,0.46506550218340614,0.019104803493449785,0.01965065502183405,0.019104803493449785,0.019104803493449785,0.019104803493449785,0.019104803493449785,0.019104803493449785,0.01965065502183405,0.012008733624454093,0.015283842794759805,0.0,0.0016375545851528006,0.0021834061135370675,0.0027292576419214454,0.0021834061135370675,0.0027292576419214454,0.013646288209607005,0.0010917030567685337,0.013646288209607005,0.07314410480349343,0.05076419213973804,0.4847161572052402,0.4885371179039302,0.1009825327510917,0.04912663755458513,0.03602620087336239,0.4814410480349345,0.48198689956331875,0.48198689956331875,0.48198689956331875,0.48198689956331875,0.48198689956331875,0.12281659388646293,0.1282751091703057,0.049672489082969395,0.029475982532751077,0.04312227074235808,0.029475982532751077,0.04312227074235808,0.05676855895196509,0.4847161572052402,0.4639737991266376,0.46506550218340614,0.4841703056768559,0.48362445414847166,0.4847161572052402,0.4841703056768559,0.4841703056768559,0.4677947598253275,0.4677947598253275,0.4672489082969432
error,>KX960412,0.4661572052401747,0.46670305676855894,0.4656113537117904,0.46124454148471616,0.4656113537117904,0.45796943231441045,0.4710698689956332,0.4606986899563319,0.46288209606986896,0.4656113537117904,0.020742358078602585,0.021288209606986852,0.020742358078602585,0.020742358078602585,0.020742358078602585,0.020742358078602585,0.020742358078602585,0.021288209606986852,0.013646288209607005,0.016921397379912717,0.0016375545851528006,0.0,0.0005458515283842669,0.0010917030567685337,0.0005458515283842669,0.004366812227074246,0.015283842794759805,0.0027292576419214454,0.015283842794759805,0.07368995633187769,0.05131004366812231,0.4847161572052402,0.4885371179039302,0.1009825327510917,0.05021834061135366,0.037117903930131035,0.4814410480349345,0.48198689956331875,0.48198689956331875,0.48198689956331875,0.48198689956331875,0.48198689956331875,0.1233624454148472,0.12882096069868998,0.05076419213973804,0.031113537117903878,0.04366812227074235,0.031113537117903878,0.04475982532751088,0.057314410480349354,0.4847161572052402,0.46288209606986896,0.4639737991266376,0.4841703056768559,0.48362445414847166,0.4847161572052402,0.4841703056768559,0.4841703056768559,0.46670305676855894,0.46670305676855894,0.4661572052401747
error,>KX960458,0.46670305676855894,0.4672489082969432,0.4661572052401747,0.46179039301310043,0.4661572052401747,0.4574235807860262,0.4705240174672489,0.46015283842794763,0.4623362445414847,0.46506550218340614,0.021288209606986852,0.02183406113537123,0.021288209606986852,0.021288209606986852,0.021288209606986852,0.021288209606986852,0.021288209606986852,0.02183406113537123,0.014192139737991272,0.017467248908296984,0.0021834061135370675,0.0005458515283842669,0.0,0.0016375545851528006,0.0010917030567685337,0.004912663755458513,0.015829694323144072,0.0032751091703057122,0.015829694323144072,0.07423580786026196,0.051855895196506574,0.4841703056768559,0.4879912663755459,0.10152838427947597,0.05076419213973804,0.0376637554585153,0.4808951965065502,0.4814410480349345,0.4814410480349345,0.4814410480349345,0.4814410480349345,0.4814410480349345,0.12281659388646293,0.1282751091703057,0.05131004366812231,0.031659388646288256,0.044213973799126616,0.031659388646288256,0.04530567685589515,0.05786026200873362,0.4841703056768559,0.4623362445414847,0.46342794759825323,0.48362445414847166,0.4830786026200873,0.4841703056768559,0.48362445414847166,0.48362445414847166,0.4661572052401747,0.4661572052401747,0.4656113537117904
error,>KY644351,0.46670305676855894,0.4672489082969432,0.4661572052401747,0.46179039301310043,0.4661572052401747,0.4585152838427947,0.47161572052401746,0.46124454148471616,0.46342794759825323,0.4661572052401747,0.02183406113537123,0.022379912663755497,0.02183406113537123,0.02183406113537123,0.02183406113537123,0.02183406113537123,0.02183406113537123,0.022379912663755497,0.014737991266375539,0.01801310043668125,0.0027292576419214454,0.0010917030567685337,0.0016375545851528006,0.0,0.0016375545851528006,0.00545851528384278,0.01637554585152834,0.003820960698689979,0.01637554585152834,0.07478165938864634,0.05240174672489084,0.48526200873362446,0.48908296943231444,0.10207423580786024,0.05131004366812231,0.03820960698689957,0.48198689956331875,0.482532751091703,0.482532751091703,0.482532751091703,0.482532751091703,0.482532751091703,0.12445414847161573,0.1299126637554585,0.051855895196506574,0.03220524017467252,0.04475982532751088,0.03220524017467252,0.04585152838427953,0.05840611353711789,0.48526200873362446,0.46342794759825323,0.4645196506550219,0.4847161572052402,0.4841703056768559,0.48526200873362446,0.4847161572052402,0.4847161572052402,0.4672489082969432,0.4672489082969432,0.46670305676855894
error,>KX960451,0.46670305676855894,0.4672489082969432,0.4661572052401747,0.46179039301310043,0.4661572052401747,0.45796943231441045,0.4710698689956332,0.4606986899563319,0.46288209606986896,0.4656113537117904,0.02019650655021832,0.020742358078602585,0.02019650655021832,0.02019650655021832,0.02019650655021832,0.02019650655021832,0.02019650655021832,0.020742358078602585,0.014192139737991272,0.01637554585152834,0.0021834061135370675,0.0005458515283842669,0.0010917030567685337,0.0016375545851528006,0.0,0.004912663755458513,0.015829694323144072,0.0032751091703057122,0.015829694323144072,0.07368995633187769,0.05131004366812231,0.48526200873362446,0.48908296943231444,0.1009825327510917,0.05021834061135366,0.03657205240174677,0.48198689956331875,0.482532751091703,0.482532751091703,0.482532751091703,0.482532751091703,0.482532751091703,0.1233624454148472,0.12882096069868998,0.05076419213973804,0.031113537117903878,0.04312227074235808,0.031113537117903878,0.04475982532751088,0.057314410480349354,0.48526200873362446,0.46288209606986896,0.4639737991266376,0.4847161572052402,0.4841703056768559,0.48526200873362446,0.4847161572052402,0.4847161572052402,0.46670305676855894,0.46670305676855894,0.4661572052401747
error,>KY644236,0.46670305676855894,0.4661572052401747,0.4661572052401747,0.46288209606986896,0.4661572052401747,0.4585152838427947,0.4694323144104804,0.4606986899563319,0.46288209606986896,0.4656113537117904,0.02183406113537123,0.021288209606986852,0.02183406113537123,0.02183406113537123,0.02183406113537123,0.02183406113537123,0.02183406113537123,0.022379912663755497,0.014737991266375539,0.01801310043668125,0.0027292576419214454,0.004366812227074246,0.004912663755458513,0.00545851528384278,0.004912663755458513,0.0,0.01637554585152834,0.0027292576419214454,0.01637554585152834,0.07587336244541487,0.053493449781659375,0.4847161572052402,0.4885371179039302,0.1026200873362445,0.051855895196506574,0.038755458515283836,0.4814410480349345,0.48198689956331875,0.48198689956331875,0.48198689956331875,0.48198689956331875,0.48198689956331875,0.1233624454148472,0.12882096069868998,0.05240174672489084,0.03220524017467252,0.04585152838427953,0.03220524017467252,0.04585152838427953,0.05949781659388642,0.4847161572052402,0.4639737991266376,0.46506550218340614,0.4841703056768559,0.48362445414847166,0.4847161572052402,0.4841703056768559,0.4841703056768559,0.4677947598253275,0.4677947598253275,0.4672489082969432
error,>KY644232,0.46179039301310043,0.4639737991266376,0.46124454148471616,0.459061135371179,0.4623362445414847,0.46124454148471616,0.4721615720524017,0.46124454148471616,0.4645196506550219,0.4672489082969432,0.0065502183406113135,0.00709606986899558,0.0065502183406113135,0.0065502183406113135,0.0065502183406113135,0.0065502183406113135,0.0065502183406113135,0.00709606986899558,0.012554585152838471,0.015829694323144072,0.013646288209607005,0.015283842794759805,0.015829694323144072,0.01637554585152834,0.015829694323144072,0.01637554585152834,0.0,0.014737991266375539,0.0,0.07478165938864634,0.05021834061135366,0.48526200873362446,0.48908296943231444,0.10043668122270744,0.049672489082969395,0.03657205240174677,0.48198689956331875,0.482532751091703,0.482532751091703,0.482532751091703,0.482532751091703,0.482532751091703,0.12227074235807855,0.12772925764192145,0.05021834061135366,0.030021834061135344,0.04148471615720528,0.030021834061135344,0.042576419213973815,0.057314410480349354,0.48689956331877726,0.4661572052401747,0.4672489082969432,0.486353711790393,0.48580786026200873,0.48689956331877726,0.486353711790393,0.486353711790393,0.4721615720524017,0.4721615720524017,0.47161572052401746
error,>KY673155,0.4661572052401747,0.4656113537117904,0.4656113537117904,0.4623362445414847,0.4645196506550219,0.459061135371179,0.4710698689956332,0.46015283842794763,0.4623362445414847,0.46506550218340614,0.02019650655021832,0.020742358078602585,0.02019650655021832,0.02019650655021832,0.02019650655021832,0.02019650655021832,0.02019650655021832,0.020742358078602585,0.013100436681222738,0.01637554585152834,0.0010917030567685337,0.0027292576419214454,0.0032751091703057122,0.003820960698689979,0.0032751091703057122,0.0027292576419214454,0.014737991266375539,0.0,0.014737991266375539,0.07423580786026196,0.051855895196506574,0.4841703056768559,0.4879912663755459,0.10207423580786024,0.05021834061135366,0.037117903930131035,0.4808951965065502,0.4814410480349345,0.4814410480349345,0.4814410480349345,0.4814410480349345,0.4814410480349345,0.12281659388646293,0.1282751091703057,0.05076419213973804,0.03056768558951961,0.044213973799126616,0.03056768558951961,0.044213973799126616,0.05786026200873362,0.48526200873362446,0.4639737991266376,0.46506550218340614,0.4847161572052402,0.4830786026200873,0.48526200873362446,0.4847161572052402,0.4847161572052402,0.4677947598253275,0.4677947598253275,0.4672489082969432
error,>KY644258,0.46179039301310043,0.4639737991266376,0.46124454148471616,0.459061135371179,0.4623362445414847,0.46124454148471616,0.4721615720524017,0.46124454148471616,0.4645196506550219,0.4672489082969432,0.0065502183406113135,0.00709606986899558,0.0065502183406113135,0.0065502183406113135,0.0065502183406113135,0.0065502183406113135,0.0065502183406113135,0.00709606986899558,0.012554585152838471,0.015829694323144072,0.013646288209607005,0.015283842794759805,0.015829694323144072,0.01637554585152834,0.015829694323144072,0.01637554585152834,0.0,0.014737991266375539,0.0,0.07478165938864634,0.05021834061135366,0.48526200873362446,0.48908296943231444,0.10043668122270744,0.049672489082969395,0.03657205240174677,0.48198689956331875,0.482532751091703,0.482532751091703,0.482532751091703,0.482532751091703,0.482532751091703,0.12227074235807855,0.12772925764192145,0.05021834061135366,0.030021834061135344,0.04148471615720528,0.030021834061135344,0.042576419213973815,0.057314410480349354,0.48689956331877726,0.4661572052401747,0.4672489082969432,0.486353711790393,0.48580786026200873,0.48689956331877726,0.486353711790393,0.486353711790393,0.4721615720524017,0.4721615720524017,0.47161572052401746
error,>MN431050,0.45960698689956336,0.4623362445414847,0.4585152838427947,0.4536026200873362,0.47816593886462877,0.4656113537117904,0.4568777292576419,0.45141921397379914,0.4688864628820961,0.46834061135371174,0.07914847161572047,0.07969432314410485,0.07914847161572047,0.07914847161572047,0.07914847161572047,0.07914847161572047,0.07914847161572047,0.07969432314410485,0.06768558951965065,0.07041484716157209,0.07314410480349343,0.07368995633187769,0.07423580786026196,0.07478165938864634,0.07368995633187769,0.07587336244541487,0.07478165938864634,0.07423580786026196,0.07478165938864634,0.0,0.035480349344978124,0.4885371179039302,0.48198689956331875,0.09497816593886466,0.06823144104803491,0.08187772925764192,0.49945414847161573,0.5,0.5,0.5,0.5,0.5,0.12281659388646293,0.11844978165938869,0.06877729257641918,0.053493449781659375,0.04694323144104806,0.05676855895196509,0.06495633187772931,0.035480349344978124,0.490174672489083,0.4552401746724891,0.4552401746724891,0.50382096069869,0.4776200873362445,0.490174672489083,0.50382096069869,0.50382096069869,0.45633187772925765,0.45633187772925765,0.4557860262008734
error,>KX024583,0.4656113537117904,0.459061135371179,0.46015283842794763,0.4557860262008734,0.47325327510917026,0.4552401746724891,0.4623362445414847,0.45305676855895194,0.45960698689956336,0.46015283842794763,0.055131004366812175,0.05567685589519655,0.055131004366812175,0.055131004366812175,0.055131004366812175,0.055131004366812175,0.055131004366812175,0.05567685589519655,0.04312227074235808,0.04585152838427953,0.05076419213973804,0.05131004366812231,0.051855895196506574,0.05240174672489084,0.05131004366812231,0.053493449781659375,0.05021834061135366,0.051855895196506574,0.05021834061135366,0.035480349344978124,0.0,0.4808951965065502,0.4847161572052402,0.09552401746724892,0.05021834061135366,0.06386462882096067,0.49235807860262004,0.4929039301310044,0.4929039301310044,0.4929039301310044,0.4929039301310044,0.4929039301310044,0.11353711790393017,0.11899563318777295,0.049672489082969395,0.02893013100436681,0.02729257641921401,0.03220524017467252,0.044213973799126616,0.01801310043668125,0.48362445414847166,0.46124454148471616,0.4623362445414847,0.49727074235807855,0.4814410480349345,0.48362445414847166,0.49727074235807855,0.49727074235807855,0.4639737991266376,0.4639737991266376,0.46342794759825323
error,>KY635719,0.2860262008733624,0.27838427947598254,0.2893013100436681,0.28820960698689957,0.28820960698689957,0.36244541484716153,0.37936681222707425,0.36735807860262004,0.361353711790393,0.36244541484716153,0.4841703056768559,0.48362445414847166,0.4841703056768559,0.4841703056768559,0.4841703056768559,0.4841703056768559,0.4841703056768559,0.4847161572052402,0.4841703056768559,0.48689956331877726,0.4847161572052402,0.4847161572052402,0.4841703056768559,0.48526200873362446,0.48526200873362446,0.4847161572052402,0.48526200873362446,0.4841703056768559,0.48526200873362446,0.4885371179039302,0.4808951965065502,0.0,0.0065502183406113135,0.4950873362445415,0.48198689956331875,0.48689956331877726,0.024017467248908297,0.024563318777292564,0.024563318777292564,0.024563318777292564,0.02347161572052403,0.02347161572052403,0.482532751091703,0.486353711790393,0.48198689956331875,0.4798034934497817,0.486353711790393,0.4808951965065502,0.4798034934497817,0.47871179039301315,0.11353711790393017,0.3733624454148472,0.37445414847161573,0.12718340611353707,0.05567685589519655,0.11353711790393017,0.12772925764192145,0.12718340611353707,0.37117903930131,0.37117903930131,0.37281659388646293
